1805130041
1805130051
1805130049
1805130040
1805130053
1805130058
1805130056
1805130062
1805130063
1805130045
1805130055
1805130057
1805130047
1805130070
1805130044
1805130052
1805130046
1805130037
1805130038
1705130030
1905130013
1705130041
1805130069
1905130008
1705130085
1905130006
1905130001
1705130027
1705130017
1905130009
1905130010
1905130003
1905130002
1905130011
1905130005
1905130012
1905130004
1805130004
1805130019
1805130016
1805130014
1805130008
1805130006
1805130018
1805130005
1805130003
1805130028
1805130001
1805130027
1805130002
1805130010
1805130035
1805130030
1805130022
1805130032
1805130026
1805130012
1805130025
1805130015
1805130033
1805130011
1805130017
1805130029
1705130151
1705130064
1705130121