1805130041
86.23

1805130051
78.80

1805130049
83.89

1805130040
89.09

1805130053
81.26

1805130058
76.86

1805130056
87.03

1805130062
82.17

1805130063
93.14

1805130045
88.63

1805130055
90.00

1805130057
84.40

1805130047
94.17

1805130070
93.26

1805130044
82.51

1805130052
81.14

1805130046
90.97

1805130037
84.29

1805130038
87.14

1705130030
78.51

1905130013
82.23

1705130041
73.54

1805130069
84.00

1905130008
88.17

1705130085
88.00

1905130006
82.63

1905130001
86.40

1705130027
82.97

1705130017
81.94

1905130009
90.17

1905130010
80.00

1905130003
86.97

1905130002
89.94

1905130011
84.11

1905130005
75.71

1905130012
75.60

1905130004
69.43

1805130004
88.57

1805130019
93.03

1805130016
75.00

1805130014
81.14

1805130008
91.71

1805130006
73.49

1805130018
85.94

1805130005
86.11

1805130003
86.06

1805130028
95.77

1805130001
80.46

1805130027
85.14

1805130002
82.97

1805130010
79.31

1805130035
82.86

1805130030
83.83

1805130022
84.06

1805130032
92.63

1805130026
95.14

1805130012
77.43

1805130025
87.83

1805130015
78.34

1805130033
92.46

1805130011
93.49

1805130017
86.29

1805130029
86.06

1705130151
80.34

1705130064
74.00

1705130121
Skipped Due to an External Error

